(337528)    0
	(331462)    173
	(337290)    54
		(336678)    227
		(337094)    421
		(337147)    587
		(337170)    56
			(336810)    211
			(336863)    224
			(337018)    453
			(337056)    0
				(336217)    165
				(336510)    211
				(336623)    212
				(336758)    532
				(336807)    610
	(337392)    0
		(335584)    252
		(336395)    663
		(336503)    463
		(336734)    875
		(336739)    386
	(337523)    0
		(336246)    333
		(337135)    812
		(337321)    0
			(335675)    177
			(336896)    0
				(333552)    113
				(335235)    153
				(336318)    168
				(336358)    230
				(336535)    495
			(337090)    0
				(334900)    171
				(336564)    287
				(336591)    317
				(336655)    324
				(336707)    283
			(337104)    947
			(337158)    0
				(335691)    186
				(336074)    206
				(336611)    261
				(336680)    495
				(336761)    601
		(337330)    446
		(337402)    0
			(337109)    990
			(337142)    973
			(337220)    88
				(335250)    371
				(335451)    385
				(336158)    111
				(336757)    282
			(337302)    0
				(336959)    549
				(336962)    468
				(336992)    244
				(337037)    550
				(337088)    575
			(337333)    64
				(334940)    239
				(335466)    399
				(336624)    390
				(336710)    521
	(337524)    0
		(334328)    278
		(337010)    88
			(336618)    136
			(336726)    262
			(336816)    372
			(336850)    0
				(334987)    126
				(335713)    142
				(335987)    142
				(336122)    149
				(336755)    0
					(336007)    150
					(336308)    202
					(336551)    289
					(336629)    216
					(336635)    355
		(337517)    0
			(337308)    176
				(335764)    149
				(336436)    442
				(336482)    778
			(337504)    0
				(337099)    91
					(334147)    124
					(335845)    292
					(336065)    262
					(336330)    367
				(337229)    634
				(337332)    758
				(337365)    0
					(336257)    118
					(336833)    136
					(337068)    302
					(337150)    0
						(335353)    128
						(336253)    168
						(336498)    334
						(336691)    431
						(336808)    400
					(337243)    178
						(335389)    277
						(336631)    215
						(336984)    356
							(336712)    736
				(337457)    0
					(336832)    161
					(337258)    252
					(337370)    126
						(336701)    205
						(337089)    277
						(337183)    853
					(337386)    206
						(337369)    51
							(336831)    311
							(337112)    391
							(337223)    148
							(337294)    148
								(337049)    461
								(337122)    168
									(336620)    431
									(336939)    329
									(336990)    303
					(337387)    286
						(337265)    884
			(337505)    0
				(337377)    46
					(335792)    334
					(335910)    126
					(336473)    268
					(336818)    974
				(337422)    0
					(335112)    169
					(335561)    157
					(335748)    126
					(335834)    186
					(336622)    73
						(335248)    416
						(335354)    205
						(335524)    127
						(335825)    235
				(337460)    0
					(330326)    102
					(336279)    599
					(336525)    105
					(336696)    255
					(336982)    270
				(337461)    0
					(335065)    170
					(336642)    209
					(337038)    373
					(337196)    65
						(335098)    128
						(335892)    445
						(336386)    238
						(336490)    482
					(337342)    0
						(336359)    244
						(336376)    189
						(336590)    206
						(336925)    426
						(337077)    488
				(337462)    0
					(336827)    332
					(336918)    373
					(337407)    428
					(337440)    0
						(337376)    373
						(337381)    381
						(337390)    399
						(337427)    93
							(336686)    300
							(336731)    278
							(336944)    336
							(337232)    154
								(335366)    102
								(336223)    353
								(336908)    393
						(337430)    0
							(336779)    191
							(337324)    322
							(337359)    375
							(337409)    767
							(337412)    0
								(337297)    302
								(337317)    320
								(337320)    325
								(337329)    313
								(337361)    0
									(337177)    340
									(337237)    465
									(337246)    267
									(337251)    281
									(337295)    793
					(337444)    0
						(330363)    104
						(335116)    183
						(335610)    505
						(335633)    145
						(336824)    306
			(337508)    0
				(337026)    188
					(336037)    223
					(336469)    217
					(336638)    555
				(337238)    0
					(335222)    153
					(335760)    173
					(335947)    300
					(336352)    343
					(336540)    542
				(337352)    426
				(337353)    0
					(333675)    148
					(335961)    150
					(336690)    259
					(336877)    150
						(335519)    433
						(336199)    145
						(336310)    500
					(336971)    212
				(337439)    0
					(333775)    224
					(336479)    143
					(337083)    941
					(337270)    698
					(337298)    562
			(337509)    0
				(337222)    896
				(337286)    77
					(333009)    110
					(334242)    111
					(334385)    108
					(336220)    666
				(337322)    0
					(334545)    237
					(335789)    475
					(336885)    233
					(337029)    292
					(337092)    0
						(334678)    153
						(335032)    302
						(335271)    349
						(335725)    403
						(336070)    447
				(337374)    94
					(336174)    116
					(336213)    118
					(337053)    931
					(337175)    613
				(337451)    0
					(337338)    882
					(337350)    0
						(335729)    102
						(335844)    135
						(336429)    142
						(336729)    433
						(336774)    305
					(337360)    881
					(337389)    0
						(335512)    141
						(335986)    141
						(336326)    135
						(337106)    534
						(337165)    538
					(337398)    0
						(336719)    185
						(336786)    386
						(336815)    123
						(337233)    483
						(337268)    0
							(336244)    130
							(336410)    115
							(336842)    443
							(336884)    242
							(336981)    520
		(337518)    0
			(337424)    0
				(336155)    530
				(336167)    532
				(336922)    599
				(337276)    0
					(334526)    102
					(336340)    160
					(336576)    364
					(336694)    472
					(336870)    552
				(337311)    0
					(336844)    206
					(336954)    555
					(337019)    883
					(337059)    264
					(337110)    559
			(337446)    0
				(336296)    350
				(337013)    496
				(337054)    64
					(335982)    284
					(336277)    254
					(336394)    343
					(336522)    320
				(337252)    0
					(334335)    149
					(335352)    130
					(336156)    170
					(336744)    177
					(336749)    0
						(333493)    123
						(334861)    164
						(335557)    147
						(335629)    193
						(336226)    439
				(337366)    90
					(336979)    591
					(337086)    967
					(337136)    621
					(337139)    564
			(337463)    0
				(335933)    159
				(336375)    166
				(336977)    898
				(336987)    386
				(337004)    526
			(337478)    0
				(337263)    0
					(334582)    115
					(336251)    191
					(336256)    193
					(336556)    391
					(336699)    432
				(337283)    0
					(334470)    322
					(335757)    277
					(335811)    393
					(336056)    461
					(336298)    361
				(337313)    0
					(334568)    163
					(335839)    199
					(336539)    203
					(336603)    205
					(336938)    637
				(337335)    0
					(336192)    169
					(336561)    338
					(337035)    515
					(337073)    693
					(337120)    77
						(335801)    189
						(336337)    150
						(336537)    268
						(336670)    370
				(337375)    94
					(336301)    319
					(336504)    169
					(336544)    361
					(336746)    414
			(337481)    0
				(337167)    248
				(337209)    268
				(337264)    0
					(332741)    191
					(333386)    153
					(334333)    148
					(334668)    130
					(335769)    496
				(337316)    0
					(334720)    110
					(335267)    144
					(335813)    160
					(336190)    585
					(336524)    808
				(337351)    0
					(334384)    133
					(334711)    128
					(334731)    129
					(334790)    130
					(337319)    0
						(334132)    125
						(334343)    121
						(334707)    123
						(334818)    124
						(337281)    0
							(334327)    118
							(334428)    117
							(334650)    116
							(337203)    658
							(337221)    0
								(334285)    119
								(334426)    112
								(334504)    112
								(334751)    121
								(337111)    0
									(335888)    104
									(335983)    111
									(336825)    446
									(336868)    217
									(336995)    832
		(337519)    0
			(337224)    80
				(336327)    565
				(336511)    700
				(336945)    696
				(337063)    717
			(337231)    34
				(336380)    633
				(336443)    669
				(336568)    733
				(336569)    733
			(337275)    34
				(336422)    694
				(336461)    611
				(336491)    679
				(336505)    637
			(337456)    0
				(337080)    0
					(333151)    131
					(335264)    165
					(335588)    200
					(336112)    278
					(336647)    528
				(337230)    0
					(334894)    132
					(336105)    247
					(336267)    350
					(336579)    510
					(336798)    368
				(337282)    75
					(334527)    141
					(336342)    286
					(336489)    328
					(336507)    229
				(337304)    0
					(336582)    364
					(336800)    464
					(336854)    315
					(336859)    372
					(336958)    378
				(337315)    0
					(336597)    211
					(336898)    254
					(336919)    326
					(337146)    654
					(337199)    0
						(334352)    148
						(336313)    260
						(336528)    284
						(336605)    228
						(336722)    354
			(337507)    0
				(337299)    88
					(336480)    701
					(336515)    744
					(336817)    569
					(336847)    588
				(337468)    0
					(336389)    605
					(336393)    598
					(336481)    701
					(337065)    659
					(337097)    719
				(337486)    0
					(336437)    598
					(336965)    662
					(336976)    68
						(336378)    422
						(336384)    547
						(336403)    199
					(337050)    578
					(337164)    912
				(337500)    0
					(337466)    0
						(336495)    603
						(336663)    115
						(336853)    399
						(336993)    54
							(336164)    283
							(336207)    395
							(336248)    190
							(336271)    148
						(337051)    587
					(337469)    94
						(337079)    183
							(336127)    571
							(336208)    603
						(337101)    565
						(337116)    773
						(337123)    623
					(337482)    101
						(336291)    104
						(336901)    138
						(337048)    673
					(337484)    0
						(337344)    688
						(337429)    0
							(336161)    272
							(336372)    493
							(336466)    193
							(337031)    519
							(337162)    62
								(335646)    237
								(335814)    202
								(336483)    282
								(336653)    247
						(337431)    142
							(335918)    336
							(336713)    195
							(336756)    377
						(337445)    0
							(336385)    294
							(336711)    133
							(337017)    581
							(337191)    624
							(337343)    325
						(337450)    0
							(336144)    340
							(336717)    428
							(336721)    303
							(336980)    555
							(337327)    934
					(337485)    0
						(337154)    875
						(337166)    827
						(337426)    0
							(336036)    340
							(336218)    332
							(336940)    408
							(336969)    598
							(337161)    246
								(336553)    389
								(336826)    557
						(337438)    746
						(337447)    164
							(335835)    352
							(336399)    136
							(336781)    435
				(337501)    1
					(337212)    891
					(337260)    91
						(336322)    650
						(336475)    633
						(336567)    733
						(337045)    675
					(337480)    0
						(336998)    633
						(337023)    641
						(337041)    713
						(337074)    712
						(337114)    769
					(337483)    0
						(335233)    310
						(337006)    574
						(337036)    642
						(337082)    693
						(337130)    128
							(336060)    391
							(336177)    389
							(336356)    343
NUM_OF_CELLS:168765
NUM_OF_NODES: 564
0: 0/168765
0: 4096/168765
0: 8192/168765
