(337528)    0
	(331462)    173
	(334328)    278
	(337010)    88
		(334987)    126
		(335263)    122
		(335713)    142
		(335987)    142
		(336122)    149
		(336157)    250
		(336618)    136
		(336682)    418
		(336726)    262
		(336737)    794
	(337231)    238
		(336380)    633
		(336430)    631
		(336432)    631
		(336443)    669
	(337290)    110
		(333023)    254
		(336270)    167
		(336510)    211
		(336558)    112
		(336678)    227
		(336810)    211
		(336863)    224
		(336936)    1519
		(337007)    475
		(337018)    453
	(337308)    1545
	(337321)    0
		(335675)    177
		(335691)    186
		(336099)    256
		(336154)    210
		(336564)    287
		(336655)    324
		(336707)    283
		(336765)    481
		(336782)    756
		(336787)    488
		(336896)    1159
		(336897)    807
	(337392)    0
		(334049)    103
		(334351)    124
		(334886)    172
		(335017)    282
		(335089)    291
		(335121)    159
		(335349)    222
		(335372)    260
		(335584)    252
		(335631)    393
		(335954)    381
	(337456)    0
		(336597)    211
		(336805)    515
		(336835)    379
		(336859)    372
		(336898)    254
		(336919)    326
		(337080)    1302
		(337138)    1228
		(337146)    654
		(337155)    842
		(337163)    679
		(337176)    544
		(337199)    1274
	(337473)    65
		(336246)    333
		(336843)    760
		(337084)    381
		(337088)    575
		(337109)    990
		(337115)    867
		(337134)    370
		(337135)    812
		(337142)    973
		(337143)    794
		(337144)    1017
		(337159)    853
	(337497)    0
		(334384)    133
		(334707)    123
		(334711)    128
		(334731)    129
		(334790)    130
		(336977)    898
		(336987)    386
		(337167)    248
		(337209)    268
		(337214)    851
		(337264)    1118
		(337314)    0
			(334132)    125
			(334285)    119
			(334327)    118
			(334343)    121
			(334426)    112
			(334428)    117
			(334504)    112
			(334650)    116
			(334818)    124
			(334966)    127
			(337066)    531
			(337172)    1831
		(337316)    1807
	(337504)    206
		(336832)    161
		(337099)    1136
		(337229)    634
		(337258)    252
		(337278)    150
		(337332)    758
		(337356)    1020
		(337365)    178
			(335113)    123
			(335389)    277
			(336257)    118
			(336498)    334
			(336631)    215
			(336674)    179
			(336833)    136
			(336886)    831
			(336937)    296
			(336984)    1092
		(337369)    428
			(336831)    311
			(337049)    461
			(337091)    1150
			(337112)    391
		(337370)    1461
	(337505)    0
		(336827)    332
		(336918)    373
		(336941)    328
		(337038)    373
		(337196)    1358
		(337253)    360
		(337377)    1748
		(337400)    971
		(337403)    1932
		(337407)    428
		(337422)    1694
		(337423)    915
		(337427)    324
			(334501)    141
			(335366)    102
			(335809)    195
			(336223)    353
			(336686)    300
			(336697)    316
			(336731)    278
		(337437)    93
			(336708)    306
			(336779)    191
			(337160)    423
			(337303)    344
			(337317)    320
			(337320)    325
			(337324)    322
			(337329)    313
			(337359)    375
			(337376)    373
			(337381)    381
			(337385)    256
				(336258)    206
				(336514)    233
				(336580)    220
				(337141)    208
				(337177)    340
				(337234)    520
				(337237)    465
	(337508)    0
		(333675)    148
		(333775)    224
		(334008)    251
		(336479)    143
		(336596)    141
		(336656)    175
		(336687)    421
		(337026)    1183
		(337047)    1378
		(337083)    941
		(337157)    471
		(337238)    1511
		(337270)    698
	(337509)    0
		(335986)    141
		(336213)    118
		(336599)    387
		(336719)    185
		(336786)    386
		(337178)    494
		(337222)    896
		(337286)    1072
		(337322)    128
			(334545)    237
			(335271)    349
			(335365)    122
			(335725)    403
			(335789)    475
			(336070)    447
			(336501)    455
			(336508)    124
			(336636)    151
		(337338)    882
		(337345)    1348
		(337349)    1754
		(337350)    1117
		(337357)    226
			(335155)    176
			(336244)    130
			(336410)    115
			(336493)    127
			(336543)    270
			(336788)    446
			(336815)    123
			(336842)    443
	(337511)    0
		(336167)    532
		(336296)    350
		(336746)    414
		(337013)    496
		(337054)    1265
		(337102)    943
		(337252)    1692
		(337263)    1322
		(337276)    1650
		(337283)    1814
		(337313)    1407
		(337335)    77
			(333457)    122
			(335951)    213
			(336192)    169
			(336537)    268
			(336547)    180
			(336561)    338
			(336670)    370
			(336795)    391
			(336796)    302
			(336801)    339
		(337354)    84
			(336155)    530
			(336344)    140
			(336585)    180
			(336732)    435
			(336733)    141
			(336740)    307
			(336767)    415
			(336844)    206
			(336845)    300
			(336907)    259
			(336922)    599
		(337366)    425
			(336692)    267
			(336864)    441
			(336869)    221
			(336916)    449
			(336979)    591
			(336983)    439
	(337512)    1
		(337164)    912
		(337212)    891
		(337224)    398
			(336214)    565
			(336327)    565
			(336335)    598
			(336405)    632
		(337260)    339
			(336322)    650
			(336368)    597
			(336370)    597
			(336417)    599
		(337275)    204
			(336093)    164
			(336268)    530
			(336383)    569
			(336388)    611
			(336398)    577
		(337299)    428
			(335841)    418
			(336319)    399
			(336480)    701
			(336515)    744
		(337466)    198
			(336165)    499
			(336207)    395
			(336248)    190
			(336451)    431
			(336495)    603
			(336554)    233
			(336627)    110
			(336663)    115
		(337468)    574
			(336057)    471
			(336389)    605
			(336393)    598
			(336481)    701
			(336643)    333
		(337469)    354
			(336058)    461
			(336238)    638
			(336264)    104
			(336287)    529
			(336341)    106
			(336457)    112
			(336830)    467
			(336913)    641
		(337475)    387
			(336384)    547
			(336412)    604
			(336437)    598
			(336468)    456
			(336538)    233
			(336546)    249
		(337480)    578
			(336189)    529
			(336407)    632
			(336723)    553
			(336828)    561
			(336966)    615
		(337482)    1016
		(337483)    420
			(335233)    310
			(336177)    389
			(336809)    409
			(336812)    453
			(336820)    441
			(336856)    494
			(336917)    554
		(337484)    0
			(336466)    193
			(336717)    428
			(336871)    519
			(336957)    531
			(336980)    555
			(337017)    581
			(337031)    519
			(337235)    1795
			(337327)    934
			(337343)    325
			(337344)    688
			(337355)    643
			(337382)    1051
		(337485)    0
			(336036)    340
			(336218)    332
			(336329)    454
			(336526)    118
			(336668)    292
			(336811)    488
			(336940)    408
			(336955)    599
			(336969)    598
			(337042)    477
			(337057)    709
			(337096)    715
			(337154)    875
NUM_OF_CELLS:168765
NUM_OF_NODES: 361
0: 0/168765
0: 4096/168765
0: 8192/168765
0: 12288/168765
0: 16384/168765
0: 20480/168765
0: 24576/168765
0: 28672/168765
0: 32768/168765
0: 36864/168765
0: 40960/168765
0: 45056/168765
0: 49152/168765
0: 53248/168765
0: 57344/168765
0: 61440/168765
0: 65536/168765
0: 69632/168765
0: 73728/168765
0: 77824/168765
0: 81920/168765
0: 86016/168765
0: 90112/168765
0: 94208/168765
0: 98304/168765
0: 102400/168765
0: 106496/168765
0: 110592/168765
0: 114688/168765
0: 118784/168765
0: 122880/168765
0: 126976/168765
0: 131072/168765
0: 135168/168765
0: 139264/168765
0: 143360/168765
0: 147456/168765
0: 151552/168765
0: 155648/168765
0: 159744/168765
0: 163840/168765
0: 167936/168765
#threads: 4
hdl_hierarchies.size(): 168765
hdl_vec_size: 14240728230
hdl_hierarchy_distance_mean: 4.76318
-------------------------------------------------
0: 0/168765
0: 4096/168765
0: 8192/168765
0: 12288/168765
0: 16384/168765
0: 20480/168765
0: 24576/168765
0: 28672/168765
0: 32768/168765
0: 36864/168765
0: 40960/168765
0: 45056/168765
0: 49152/168765
0: 53248/168765
0: 57344/168765
0: 61440/168765
0: 65536/168765
0: 69632/168765
0: 73728/168765
0: 77824/168765
0: 81920/168765
0: 86016/168765
0: 90112/168765
0: 94208/168765
0: 98304/168765
0: 102400/168765
0: 106496/168765
0: 110592/168765
0: 114688/168765
0: 118784/168765
0: 122880/168765
0: 126976/168765
0: 131072/168765
0: 135168/168765
0: 139264/168765
0: 143360/168765
0: 147456/168765
0: 151552/168765
0: 155648/168765
0: 159744/168765
0: 163840/168765
0: 167936/168765
#threads: 4
tree.size(): 168765
tree_distances_vec_size: 14240728230
tree_distances_mean: 4.54531
-------------------------------------------------
0: 0/168765
0: 4096/168765
0: 8192/168765
0: 12288/168765
0: 16384/168765
0: 20480/168765
0: 24576/168765
0: 28672/168765
0: 32768/168765
0: 36864/168765
0: 40960/168765
0: 45056/168765
0: 49152/168765
0: 53248/168765
0: 57344/168765
0: 61440/168765
0: 65536/168765
0: 69632/168765
0: 73728/168765
0: 77824/168765
0: 81920/168765
0: 86016/168765
0: 90112/168765
0: 94208/168765
0: 98304/168765
0: 102400/168765
0: 106496/168765
0: 110592/168765
0: 114688/168765
0: 118784/168765
0: 122880/168765
0: 126976/168765
0: 131072/168765
0: 135168/168765
0: 139264/168765
0: 143360/168765
0: 147456/168765
0: 151552/168765
0: 155648/168765
0: 159744/168765
0: 163840/168765
0: 167936/168765
#threads: 4
RESULT: 0.242616
(337528)    0
	(331462)    173
	(334328)    278
	(337010)    88
		(334987)    126
		(335263)    122
		(335713)    142
		(335987)    142
		(336122)    149
		(336157)    250
		(336618)    136
		(336682)    418
		(336726)    262
		(336737)    794
	(337231)    238
		(336380)    633
		(336430)    631
		(336432)    631
		(336443)    669
	(337290)    110
		(333023)    254
		(336270)    167
		(336510)    211
		(336558)    112
		(336678)    227
		(336810)    211
		(336863)    224
		(336936)    201
			(336116)    160
			(336129)    105
			(336206)    149
			(336217)    165
			(336345)    201
			(336366)    171
			(336382)    158
			(336413)    209
		(337007)    475
		(337018)    453
	(337308)    581
		(333931)    268
		(334878)    198
		(335035)    273
		(335238)    225
	(337321)    0
		(335675)    177
		(335691)    186
		(336099)    256
		(336154)    210
		(336564)    287
		(336655)    324
		(336707)    283
		(336765)    481
		(336782)    756
		(336787)    488
		(336896)    340
			(333552)    113
			(334374)    131
			(334578)    124
			(334941)    140
			(335000)    158
			(335235)    153
		(336897)    807
	(337392)    0
		(334049)    103
		(334351)    124
		(334886)    172
		(335017)    282
		(335089)    291
		(335121)    159
		(335349)    222
		(335372)    260
		(335584)    252
		(335631)    393
		(335954)    381
	(337456)    0
		(336597)    211
		(336805)    515
		(336835)    379
		(336859)    372
		(336898)    254
		(336919)    326
		(337080)    151
			(333151)    131
			(334224)    142
			(335264)    165
			(335563)    150
			(335588)    200
			(335687)    227
			(335793)    136
		(337138)    149
			(334259)    117
			(334933)    154
			(335227)    132
			(335556)    205
			(335622)    117
			(335643)    163
			(335707)    191
		(337146)    654
		(337155)    842
		(337163)    679
		(337176)    544
		(337199)    185
			(333821)    115
			(334352)    148
			(334530)    155
			(334899)    105
			(334991)    123
			(334999)    134
			(335275)    113
			(335529)    196
	(337473)    65
		(336246)    333
		(336843)    760
		(337084)    381
		(337088)    575
		(337109)    990
		(337115)    867
		(337134)    370
		(337135)    812
		(337142)    973
		(337143)    794
		(337144)    521
			(334052)    173
			(334344)    104
			(334546)    219
		(337159)    853
	(337497)    0
		(334384)    133
		(334707)    123
		(334711)    128
		(334731)    129
		(334790)    130
		(336977)    898
		(336987)    386
		(337167)    248
		(337209)    268
		(337214)    851
		(337264)    218
			(332741)    191
			(333243)    103
			(333381)    171
			(333386)    153
			(333487)    154
			(333964)    128
		(337314)    0
			(334132)    125
			(334285)    119
			(334327)    118
			(334343)    121
			(334426)    112
			(334428)    117
			(334504)    112
			(334650)    116
			(334818)    124
			(334966)    127
			(337066)    531
			(337172)    0
				(334751)    121
				(335465)    101
				(335802)    100
				(335878)    109
				(335888)    104
				(335926)    110
				(335976)    116
				(335983)    111
				(336784)    215
				(336825)    446
				(336829)    298
		(337316)    371
			(334410)    246
			(334720)    110
			(334838)    207
			(335255)    272
			(335267)    144
			(335706)    457
	(337504)    206
		(336832)    161
		(337099)    329
			(334147)    124
			(335012)    285
			(335136)    256
			(335236)    142
		(337229)    634
		(337258)    252
		(337278)    150
		(337332)    758
		(337356)    403
			(336613)    110
			(336628)    208
			(336930)    299
		(337365)    178
			(335113)    123
			(335389)    277
			(336257)    118
			(336498)    334
			(336631)    215
			(336674)    179
			(336833)    136
			(336886)    831
			(336937)    296
			(336984)    701
				(335960)    228
				(336130)    163
		(337369)    428
			(336831)    311
			(337049)    461
			(337091)    368
				(336331)    141
				(336620)    431
				(336639)    102
				(336681)    108
			(337112)    391
		(337370)    282
			(335405)    139
			(336224)    161
			(336348)    212
			(336518)    228
			(336701)    205
			(336730)    234
	(337505)    0
		(336827)    332
		(336918)    373
		(336941)    328
		(337038)    373
		(337196)    295
			(334257)    149
			(334432)    191
			(334996)    107
			(335098)    128
			(335406)    382
			(335457)    106
		(337253)    360
		(337377)    448
			(334505)    229
			(334723)    217
			(335792)    334
			(335833)    520
		(337400)    971
		(337403)    87
			(335065)    170
			(335911)    133
			(336320)    119
			(336359)    244
			(336376)    189
			(336517)    100
			(336555)    307
			(336590)    206
			(336642)    209
			(336676)    168
		(337407)    428
		(337422)    207
			(334309)    126
			(335112)    169
			(335171)    161
			(335248)    416
			(335354)    205
			(335524)    127
			(335561)    157
			(335748)    126
		(337423)    915
		(337427)    324
			(334501)    141
			(335366)    102
			(335809)    195
			(336223)    353
			(336686)    300
			(336697)    316
			(336731)    278
		(337437)    93
			(336708)    306
			(336779)    191
			(337160)    423
			(337303)    344
			(337317)    320
			(337320)    325
			(337324)    322
			(337329)    313
			(337359)    375
			(337376)    373
			(337381)    381
			(337385)    256
				(336258)    206
				(336514)    233
				(336580)    220
				(337141)    208
				(337177)    340
				(337234)    520
				(337237)    465
	(337508)    0
		(333675)    148
		(333775)    224
		(334008)    251
		(336479)    143
		(336596)    141
		(336656)    175
		(336687)    421
		(337026)    561
			(334337)    122
			(334499)    185
			(334503)    128
			(334970)    187
		(337047)    432
			(335430)    104
			(335519)    433
			(335590)    110
			(335858)    299
		(337083)    941
		(337157)    471
		(337238)    268
			(334726)    178
			(334785)    305
			(335222)    153
			(335452)    139
			(335510)    122
			(335722)    173
			(335760)    173
		(337270)    698
	(337509)    0
		(335986)    141
		(336213)    118
		(336599)    387
		(336719)    185
		(336786)    386
		(337178)    494
		(337222)    896
		(337286)    281
			(333009)    110
			(334242)    111
			(334385)    108
			(334457)    100
			(334467)    157
			(334617)    205
		(337322)    128
			(334545)    237
			(335271)    349
			(335365)    122
			(335725)    403
			(335789)    475
			(336070)    447
			(336501)    455
			(336508)    124
			(336636)    151
		(337338)    882
		(337345)    296
			(333111)    128
			(333762)    170
			(334024)    153
			(334980)    194
			(335512)    141
			(336004)    266
		(337349)    295
			(333969)    156
			(335446)    139
			(335665)    250
			(335902)    164
			(336174)    116
			(336249)    305
			(336317)    329
		(337350)    321
			(334571)    104
			(335700)    329
			(335729)    102
			(335844)    135
			(336001)    126
		(337357)    226
			(335155)    176
			(336244)    130
			(336410)    115
			(336493)    127
			(336543)    270
			(336788)    446
			(336815)    123
			(336842)    443
	(337511)    0
		(336167)    532
		(336296)    350
		(336746)    414
		(337013)    496
		(337054)    419
			(334914)    203
			(335427)    209
			(335743)    162
			(335797)    272
		(337102)    943
		(337252)    177
			(333493)    123
			(334335)    149
			(334861)    164
			(335352)    130
			(335557)    147
			(335629)    193
			(336156)    170
			(336226)    439
		(337263)    397
			(333616)    100
			(334582)    115
			(334882)    100
			(335734)    311
			(336143)    299
		(337276)    160
			(334325)    145
			(334526)    102
			(335043)    140
			(335127)    203
			(335280)    133
			(335652)    279
			(335803)    269
			(336299)    219
		(337283)    243
			(334102)    102
			(334290)    118
			(334470)    322
			(334960)    141
			(334990)    240
			(335005)    328
			(335347)    320
		(337313)    317
			(334003)    133
			(334568)    163
			(334992)    130
			(335440)    125
			(335839)    199
			(336032)    340
		(337335)    77
			(333457)    122
			(335951)    213
			(336192)    169
			(336537)    268
			(336547)    180
			(336561)    338
			(336670)    370
			(336795)    391
			(336796)    302
			(336801)    339
		(337354)    84
			(336155)    530
			(336344)    140
			(336585)    180
			(336732)    435
			(336733)    141
			(336740)    307
			(336767)    415
			(336844)    206
			(336845)    300
			(336907)    259
			(336922)    599
		(337366)    425
			(336692)    267
			(336864)    441
			(336869)    221
			(336916)    449
			(336979)    591
			(336983)    439
	(337512)    1
		(337164)    912
		(337212)    891
		(337224)    398
			(336214)    565
			(336327)    565
			(336335)    598
			(336405)    632
		(337260)    339
			(336322)    650
			(336368)    597
			(336370)    597
			(336417)    599
		(337275)    204
			(336093)    164
			(336268)    530
			(336383)    569
			(336388)    611
			(336398)    577
		(337299)    428
			(335841)    418
			(336319)    399
			(336480)    701
			(336515)    744
		(337466)    198
			(336165)    499
			(336207)    395
			(336248)    190
			(336451)    431
			(336495)    603
			(336554)    233
			(336627)    110
			(336663)    115
		(337468)    574
			(336057)    471
			(336389)    605
			(336393)    598
			(336481)    701
			(336643)    333
		(337469)    354
			(336058)    461
			(336238)    638
			(336264)    104
			(336287)    529
			(336341)    106
			(336457)    112
			(336830)    467
			(336913)    641
		(337475)    387
			(336384)    547
			(336412)    604
			(336437)    598
			(336468)    456
			(336538)    233
			(336546)    249
		(337480)    578
			(336189)    529
			(336407)    632
			(336723)    553
			(336828)    561
			(336966)    615
		(337482)    493
			(336261)    102
			(336291)    104
			(336497)    317
		(337483)    420
			(335233)    310
			(336177)    389
			(336809)    409
			(336812)    453
			(336820)    441
			(336856)    494
			(336917)    554
		(337484)    0
			(336466)    193
			(336717)    428
			(336871)    519
			(336957)    531
			(336980)    555
			(337017)    581
			(337031)    519
			(337235)    205
				(335456)    185
				(335575)    115
				(335617)    125
				(335646)    237
				(335814)    202
				(336161)    272
				(336171)    454
			(337327)    934
			(337343)    325
			(337344)    688
			(337355)    643
			(337382)    635
				(334573)    212
				(334648)    204
		(337485)    0
			(336036)    340
			(336218)    332
			(336329)    454
			(336526)    118
			(336668)    292
			(336811)    488
			(336940)    408
			(336955)    599
			(336969)    598
			(337042)    477
			(337057)    709
			(337096)    715
			(337154)    875
NUM_OF_CELLS:168765
NUM_OF_NODES: 563
0: 0/168765
0: 4096/168765
0: 8192/168765
0: 12288/168765
0: 16384/168765
0: 20480/168765
0: 24576/168765
0: 28672/168765
0: 32768/168765
0: 36864/168765
0: 40960/168765
0: 45056/168765
0: 49152/168765
0: 53248/168765
0: 57344/168765
0: 61440/168765
0: 65536/168765
0: 69632/168765
0: 73728/168765
0: 77824/168765
0: 81920/168765
0: 86016/168765
0: 90112/168765
0: 94208/168765
0: 98304/168765
0: 102400/168765
0: 106496/168765
0: 110592/168765
0: 114688/168765
0: 118784/168765
0: 122880/168765
0: 126976/168765
0: 131072/168765
0: 135168/168765
0: 139264/168765
0: 143360/168765
0: 147456/168765
0: 151552/168765
0: 155648/168765
0: 159744/168765
0: 163840/168765
0: 167936/168765
#threads: 4
hdl_hierarchies.size(): 168765
hdl_vec_size: 14240728230
hdl_hierarchy_distance_mean: 4.76318
-------------------------------------------------
0: 0/168765
0: 4096/168765
0: 8192/168765
0: 12288/168765
0: 16384/168765
0: 20480/168765
0: 24576/168765
0: 28672/168765
0: 32768/168765
0: 36864/168765
0: 40960/168765
0: 45056/168765
0: 49152/168765
0: 53248/168765
0: 57344/168765
0: 61440/168765
0: 65536/168765
0: 69632/168765
0: 73728/168765
0: 77824/168765
0: 81920/168765
0: 86016/168765
0: 90112/168765
0: 94208/168765
0: 98304/168765
0: 102400/168765
0: 106496/168765
0: 110592/168765
0: 114688/168765
0: 118784/168765
0: 122880/168765
0: 126976/168765
0: 131072/168765
0: 135168/168765
0: 139264/168765
0: 143360/168765
0: 147456/168765
0: 151552/168765
0: 155648/168765
0: 159744/168765
0: 163840/168765
0: 167936/168765
#threads: 4
tree.size(): 168765
tree_distances_vec_size: 14240728230
tree_distances_mean: 4.98829
-------------------------------------------------
0: 0/168765
0: 4096/168765
0: 8192/168765
0: 12288/168765
0: 16384/168765
0: 20480/168765
0: 24576/168765
0: 28672/168765
0: 32768/168765
0: 36864/168765
0: 40960/168765
0: 45056/168765
0: 49152/168765
0: 53248/168765
0: 57344/168765
0: 61440/168765
0: 65536/168765
0: 69632/168765
0: 73728/168765
0: 77824/168765
0: 81920/168765
0: 86016/168765
0: 90112/168765
0: 94208/168765
0: 98304/168765
0: 102400/168765
0: 106496/168765
0: 110592/168765
0: 114688/168765
0: 118784/168765
0: 122880/168765
0: 126976/168765
0: 131072/168765
0: 135168/168765
0: 139264/168765
0: 143360/168765
0: 147456/168765
0: 151552/168765
0: 155648/168765
0: 159744/168765
0: 163840/168765
0: 167936/168765
#threads: 4
RESULT: 0.272192
